# Lauf mit 100 Threads 
1  0.158 
2  0.083 
3  0.06 
4  0.048 
5  0.046 
6  0.042 
7  0.037 
8  0.035 
9  0.033 
10  0.034 
11  0.034 
12  0.046 
13  0.038 
14  0.041 
15  0.051 
16  0.04 
17  0.038 
18  0.036 
19  0.049 
20  0.037 
21  0.035 
22  0.04 
23  0.043 
24  0.039 
25  0.044 
26  0.04 
27  0.035 
28  0.038 
29  0.046 
30  0.04 
31  0.043 
32  0.041 
33  0.042 
34  0.036 
35  0.041 
36  0.044 
37  0.038 
38  0.04 
39  0.042 
40  0.038 
41  0.039 
42  0.039 
43  0.038 
44  0.049 
45  0.038 
46  0.045 
47  0.037 
48  0.04 
49  0.054 
50  0.047 
51  0.036 
52  0.041 
53  0.036 
54  0.036 
55  0.038 
56  0.045 
57  0.062 
58  0.047 
59  0.035 
60  0.044 
61  0.041 
62  0.038 
63  0.039 
64  0.051 
65  0.037 
66  0.053 
67  0.049 
68  0.04 
69  0.051 
70  0.046 
71  0.048 
72  0.041 
73  0.054 
74  0.053 
75  0.058 
76  0.062 
77  0.05 
78  0.045 
79  0.04 
80  0.044 
81  0.046 
82  0.045 
83  0.04 
84  0.043 
85  0.038 
86  0.038 
87  0.04 
88  0.042 
89  0.042 
90  0.046 
91  0.043 
92  0.039 
93  0.042 
94  0.043 
95  0.043 
96  0.04 
97  0.049 
98  0.055 
99  0.042 
100  0.057 
